start=2920.833333
speed=1.500000
