start=57.584800
speed=1.000000
volume=130.000000
