start=6352.966667
speed=1.000000
