start=806.105300
volume=74.000000
