start=340.266667
speed=1.000000
