start=242.700000
volume=86.000000
