start=19.536389
speed=1.000000
