start=111.833333
speed=1.500000
volume=86.000000
