start=6589.766667
speed=1.000000
pause=yes
