start=321.800000
speed=1.000000
