start=3400.730667
speed=1.000000
volume=130.000000
sid=no
