start=3678.966958
speed=1.000000
