speed=1.000000
volume=94.000000
