start=961.166667
speed=1.000000
fullscreen=no
