start=561.311000
speed=1.000000
volume=112.000000
