start=381.900000
speed=1.000000
fullscreen=no
