start=182.320000
volume=90.000000
fullscreen=no
