start=913.120000
speed=1.000000
fullscreen=no
