start=762.052958
volume=116.000000
