start=116.800000
speed=1.000000
pause=yes
