start=920.720000
speed=1.500000
