start=38.705333
volume=70.000000
contrast=-1
