start=3096.320000
speed=1.500000
pause=yes
