start=24.466667
speed=1.000000
