start=2995.160000
speed=1.000000
