start=388.821767
volume=68.000000
