start=638.179208
speed=1.000000
