start=103.120000
speed=1.500000
