start=561.066667
speed=1.000000
