start=266.750000
pause=yes
volume=74.000000
