start=426.301000
speed=1.000000
volume=130.000000
