start=91.276862
speed=1.000000
