start=944.166667
volume=112.000000
fullscreen=no
