start=135.302000
speed=1.000000
