start=192.833333
speed=1.000000
