start=5170.860352
speed=1.000000
