start=173.293332
speed=1.000000
