start=461.433333
volume=118.000000
