start=20.500000
speed=1.000000
