start=1633.866667
volume=108.000000
brightness=-1
