start=708.750000
speed=1.500000
sub-ass-override=force
