start=15276.800000
speed=1.000000
