start=647.780467
speed=1.750000
