start=7087.600000
speed=1.000000
pause=yes
