start=1.233333
volume=92.000000
