start=867.360000
volume=88.000000
