start=165.365000
pause=yes
volume=124.000000
