start=591.966667
volume=86.000000
