start=241.600000
speed=1.000000
