start=18864.866667
speed=1.000000
pause=yes
