start=131.600000
speed=1.000000
