start=0.566667
speed=1.000000
