start=100.472312
speed=1.000000
pause=yes
