start=3819.400000
speed=1.000000
ontop=yes
panscan=0.200000
aid=1
sid=1
sub-delay=0.000000
sub-scale=0.000000
