start=1912.960000
speed=1.000000
