start=829.850000
speed=1.000000
