start=1192.566667
speed=1.000000
fullscreen=no
