start=455.989323
volume=82.000000
