start=1063.066667
volume=80.000000
