start=223.566667
speed=1.000000
