start=547.500000
speed=1.000000
