start=35.360000
speed=1.000000
