start=3270.066667
speed=1.000000
