start=2320.583333
speed=1.500000
