start=802.966667
speed=1.000000
fullscreen=no
