start=93.683344
speed=1.000000
