start=140.266667
volume=130.000000
fullscreen=no
