start=318.666667
speed=1.000000
