start=10.040000
speed=1.000000
