start=665.965000
speed=1.000000
