start=3330.480000
pause=yes
sub-delay=-0.100000
