start=309.200000
speed=1.500000
volume=110.000000
