start=1713.913914
volume=66.000000
