start=13154.433333
speed=1.000000
