start=815.920000
speed=1.500000
pause=yes
