start=6979.100000
speed=1.000000
