start=1421.200000
volume=56.000000
fullscreen=no
saturation=1
