start=347.613933
speed=1.500000
volume=112.000000
