start=3642.472167
speed=1.000000
pause=yes
