start=1420.711000
speed=1.000000
volume=130.000000
