start=657.323333
volume=130.000000
