start=0.766667
ab-loop-a=1.133333
