start=3211.708500
speed=1.000000
volume=66.000000
mute=yes
