start=755.546000
speed=1.250000
volume=120.000000
