start=11.196359
speed=1.000000
