start=3684.866667
speed=1.000000
volume=88.000000
fullscreen=no
