start=10488.133333
speed=1.000000
