start=625.880000
speed=1.000000
fullscreen=no
ab-loop-a=307.520000
