start=3284.066667
speed=1.000000
