start=195.529000
speed=1.000000
