start=364.197000
volume=98.000000
