start=553.600000
speed=1.000000
