start=79.800000
pause=yes
volume=86.000000
