start=10.610600
speed=1.500000
pause=yes
