start=11822.466667
speed=1.000000
