start=3519.182000
speed=1.500000
sid=1
