start=8.720000
speed=1.000000
