start=282.081800
volume=80.000000
