start=5222.091875
speed=1.000000
pause=yes
