start=264.931333
speed=1.000000
volume=68.000000
