start=4168.368368
speed=1.500000
