start=4485.966667
speed=1.000000
volume=80.000000
fullscreen=no
