start=57.500000
speed=1.000000
