start=49.866667
speed=1.000000
