start=49.333333
speed=1.000000
