start=624.733333
speed=1.500000
