start=1082.040000
volume=130.000000
fullscreen=no
