start=1025.734000
volume=130.000000
fullscreen=no
