start=2288.166667
speed=1.000000
pause=yes
