start=1941.077725
speed=1.000000
