start=1003.800000
speed=1.000000
fullscreen=no
