start=5.760000
speed=1.000000
