start=672.666667
volume=66.000000
