start=1.100000
speed=1.000000
