start=52.000000
pause=yes
volume=76.000000
