start=678.177500
volume=70.000000
