start=67.900822
volume=98.000000
mute=yes
