start=51.924245
speed=1.000000
