start=4091.233333
speed=1.000000
contrast=1
