start=72.566667
speed=1.750000
pause=yes
