start=1443.610277
speed=1.500000
pause=yes
volume=62.000000
contrast=1
aid=no
