start=19.700000
speed=1.000000
