start=316.233333
volume=88.000000
