start=1057.160000
speed=1.000000
sid=2
