start=127.023000
speed=1.000000
volume=82.000000
