start=568.708333
volume=86.000000
fullscreen=no
