start=11.700000
aid=no
video-aspect-override=1.777778
