start=244.310733
volume=52.000000
