start=2236.640000
speed=1.000000
volume=60.000000
fullscreen=no
