start=57.240000
speed=1.000000
