start=3573.000000
speed=1.000000
pause=yes
