start=487.300000
speed=1.500000
