start=3423.878792
speed=1.000000
volume=124.000000
fullscreen=no
