start=415.200000
speed=1.250000
