start=60.850268
speed=1.000000
