start=571.360000
speed=1.500000
volume=62.000000
