start=12.516337
speed=1.000000
