start=9989.379400
volume=90.000000
brightness=-7
contrast=1
