start=2413.380047
speed=1.000000
volume=86.000000
