start=590.916667
volume=84.000000
