start=784.016567
volume=104.000000
fullscreen=no
