start=132.480000
volume=86.000000
