start=608.300000
volume=122.000000
