start=200.260643
volume=130.000000
fullscreen=no
