start=195.033333
speed=1.000000
