start=284.481822
speed=1.000000
volume=70.000000
