start=41.107733
speed=1.000000
