start=306.600000
speed=1.000000
