start=6011.271933
speed=1.500000
volume=94.000000
