start=3755.500000
volume=128.000000
