start=22.689300
speed=1.000000
