start=688.280000
volume=130.000000
