start=803.960000
volume=64.000000
