start=586.852933
volume=130.000000
gamma=-2
