start=550.033333
volume=90.000000
