start=2458.000000
volume=128.000000
sub-delay=0.100000
sub-visibility=no
