start=772.720000
speed=1.000000
