start=285.417000
speed=1.000000
pause=yes
