start=19.870900
speed=1.000000
volume=130.000000
