start=365.866667
speed=1.500000
pause=yes
volume=130.000000
