start=5589.200000
speed=1.000000
pause=yes
