start=70.760000
speed=1.250000
