start=29.233333
speed=1.000000
