start=65.551913
speed=1.000000
