start=42.966000
speed=1.000000
