start=4203.933333
volume=130.000000
