start=522.625000
speed=1.000000
fullscreen=no
