start=851.266667
volume=82.000000
fullscreen=no
