start=100.976000
speed=1.000000
sid=2
