start=5.633333
speed=1.500000
pause=yes
