start=1.233333
pause=yes
volume=58.000000
