start=552.466667
volume=88.000000
fullscreen=no
