start=1.493588
speed=1.000000
