start=4959.933333
speed=1.000000
brightness=-4
sid=no
sub-delay=-0.100000
