start=624.023400
volume=86.000000
fullscreen=no
