start=78.440000
speed=1.000000
