start=25.400000
speed=1.000000
