start=156.422933
volume=84.000000
