start=390.467350
speed=1.000000
