start=7.040000
speed=1.000000
pause=yes
