start=186.394542
speed=1.000000
volume=110.000000
