start=0.466667
speed=1.000000
