start=734.775000
speed=1.000000
