start=50.800000
speed=1.000000
