start=506.672833
volume=78.000000
