start=325.166667
speed=1.500000
