start=1344.133333
speed=1.000000
