start=14.766667
volume=66.000000
saturation=15
